12
999 1 0 Reimer,Tolkamp(1980)
1.0     		0.192
3.0     		0.161
5.0     		0.153
10.0    		0.15
15.0    		0.15
20.0    		0.148
25.0    		0.148
30.0    		0.144
999 2 0 Bongeler_et_al(1993)
0.8     		0.198
1.0     		0.195
1.2     		0.189
1.4     		0.182
1.6     		0.179
1.8     		0.175
2.0    		        0.17
2.5     		0.168
3.0     		0.157
3.5     		0.152
4.0     		0.151
5.0     		0.148
999 3 0 Shimizu(1974)
1.0     		0.2346
3.0     		0.2132
5.0     		0.20
10.0    		0.1875
999 4 0 Bishop(1963)
5.0     		0.186
10.0    		0.171
30.0    		0.155
999 5 0 Weinryb,Philibert(1964)
4.5     		0.186
11.0    		0.143
28.0    		0.135
999 6 0 Heinrich(1966)
30.0    		0.149
999 7 0 Neubert,Rogaschewski(1980)
15.0    		0.171
20.0    		0.164
30.0    		0.155
40.0    		0.151
50.0    		0.147
60.0    		0.146
999 8 0 Kanter(1961)
2.0     		0.14
2.5     		0.133
3.0     		0.132
4.0    		        0.131
5.0     		0.135
6.0     		0.137
8.0     		0.142
10.0    		0.14
12.5    		0.14
15.0    		0.137
17.5    		0.139
20.0    		0.139
999 9 0 Drescher,Reimer,Seidel(1970)
9.3     		0.175
17.3    		0.159
25.2    		0.151
41.5    		0.145
62.1   		        0.137
81.8    		0.135
102.2   	        0.133
999 10 0 Wittry(1966)
5.0     		0.168
30.0    		0.135
999 11 0 Bronstein,Fraiman(1969)
0.1		0.19
0.2		0.224
0.3		0.235
0.4		0.237
0.6		0.234
0.8		0.226
1.0		0.217
2.0		0.20
3.0		0.191
4.0		0.185
999 12 0 ElGomati,Assad(1997)
0.5		0.216
1.0		0.212
1.5		0.206
2.0		0.203
2.5		0.202
3.0		0.197
3.5		0.195
4.0		0.191
4.5		0.188
5.0		0.185
6.0		0.180
